#Title: The curious case of HD41248. A pair of static 
#       signals buried behind red-noise
#Authors: Jenkins J.S., Tuomi M.
#Table: HARPS timeseries data for HD41248
#================================================================================
#Byte-by-byte Description of file: apj499004t1_mrt.txt
#--------------------------------------------------------------------------------
#   Bytes Format Units   Label    Explanations
#--------------------------------------------------------------------------------
#   1- 15 F15.7  d       BJD      Barycentric Julian Date of observation
#  17- 23 F7.2   m/s     RVel     Radial velocity  
#  25- 28 F4.2   m/s   e_RVel     Uncertainty in RVel
#  30- 34 F5.3   [-]     S-index  Chromospheric activity S-index
#  36- 40 F5.2   m/s     BIS      Bisector inverse slope
#  42- 48 F7.2   m/s     FWHM     Full-Width at Half-Maximum 
#--------------------------------------------------------------------------------
2452943.8528426 3526.59 2.59 0.169 35.93 6721.78 
2452989.7102293 3519.14 4.06 0.170 27.40 6719.01 
2452998.6898180 3526.43 5.43 0.179 33.53 6701.21 
2453007.6786518 3526.63 2.53 0.162 28.61 6718.20 
2453787.6079555 3522.44 2.76 0.162 31.31 6718.54 
2454055.8375443 3523.18 2.06 0.168 23.95 6714.52 
2454789.7207967 3522.99 0.82 0.171 27.43 6722.19 
2454790.6943362 3519.49 0.90 0.170 30.83 6724.20 
2454791.7055725 3522.47 0.83 0.171 29.54 6720.60 
2454792.7042506 3522.29 0.80 0.172 28.09 6728.65 
2454793.7211230 3524.99 0.89 0.173 25.28 6727.73 
2454794.6946036 3527.04 0.89 0.172 29.59 6732.04 
2454795.7156306 3528.45 0.91 0.174 29.54 6725.92 
2454796.7195391 3528.21 0.96 0.174 30.33 6727.87 
2454797.7051254 3528.99 0.91 0.175 27.77 6733.22 
2454798.6972277 3531.20 0.92 0.173 25.14 6731.22 
2454902.5907553 3525.08 2.02 0.180 21.34 6729.23 
2454903.5172666 3527.59 0.78 0.172 27.69 6726.66 
2454904.5185682 3525.76 0.90 0.174 27.19 6722.67 
2454905.5355291 3527.55 0.90 0.171 27.98 6722.94 
2454906.5179999 3527.95 1.04 0.171 31.02 6723.86 
2454907.5647983 3527.52 0.91 0.173 28.88 6727.05 
2454908.5603822 3526.23 0.80 0.172 27.95 6720.84 
2454909.5380036 3527.11 0.85 0.170 25.45 6721.36 
2454910.5385064 3528.24 1.12 0.173 27.51 6726.82 
2454911.5427244 3524.98 0.75 0.172 28.13 6721.05 
2454912.5392921 3525.22 0.74 0.172 25.78 6718.78 
2455284.5272133 3528.23 0.73 0.175 28.43 6724.46 
2455287.5109103 3524.60 0.88 0.174 25.19 6733.01 
2455288.5285775 3523.32 0.75 0.173 25.44 6730.41 
2455289.5460248 3526.70 0.79 0.174 26.29 6723.60 
2455290.5095380 3525.90 0.89 0.174 21.96 6727.32 
2455291.5216615 3526.08 1.01 0.171 26.86 6734.67 
2455293.5043818 3527.36 0.97 0.172 27.39 6727.22 
2455304.5180173 3522.41 1.69 0.144 31.21 6801.23 
2455328.4550220 3529.11 0.79 0.175 20.74 6735.39 
2455334.4564390 3532.00 1.37 0.169 25.33 6737.32 
2455387.9305071 3530.98 1.04 0.171 27.29 6737.65 
2455390.9312188 3531.33 1.58 0.164 30.24 6734.98 
2455434.8790630 3516.75 3.33 0.157 31.59 6740.53 
2455439.8843407 3527.76 3.26 0.159 32.81 6723.48 
2455445.9241644 3522.93 3.11 0.162 28.31 6727.79 
2455465.8566225 3526.62 1.41 0.171 23.18 6731.85 
2455480.8795598 3527.59 1.13 0.171 27.10 6728.47 
2455483.8136024 3525.01 1.74 0.170 27.97 6734.02 
2455488.8262312 3525.84 0.75 0.171 31.08 6725.48 
2455494.8532009 3529.81 0.95 0.169 26.88 6730.95 
2455513.7823100 3528.86 1.29 0.172 35.60 6740.83 
2455516.7515789 3530.74 0.94 0.175 22.72 6736.79 
2455519.7046533 3528.85 1.20 0.168 21.96 6735.81 
2455537.7997291 3527.71 0.72 0.176 27.01 6730.30 
2455545.7213656 3529.20 0.85 0.175 26.69 6737.60 
2455549.7548559 3527.95 0.83 0.171 31.98 6734.55 
2455576.7923481 3525.35 1.01 0.165 29.18 6733.68 
2455580.7312518 3519.41 0.90 0.169 32.95 6729.42 
2455589.7734088 3528.42 1.42 0.169 24.59 6733.73 
2455612.6068850 3527.66 0.82 0.171 25.59 6731.09 
2455623.6361828 3528.30 1.18 0.169 28.96 6726.23 
2455629.5528393 3528.65 0.94 0.168 25.71 6732.35 
2455641.5542106 3528.98 1.01 0.170 28.91 6727.21 
2455644.5845033 3529.35 1.26 0.174 19.09 6740.11 
2455647.5796694 3529.95 1.37 0.167 29.11 6737.56 
2455904.8445150 3523.18 2.58 0.158 40.69 6747.45 
2456215.8328718 3526.25 1.39 0.168 30.20 6743.55 
2456218.7962306 3524.50 1.84 0.164 28.94 6740.25 
2456218.8693916 3523.75 1.62 0.165 35.11 6739.30 
2456220.8683473 3524.85 1.09 0.163 25.77 6731.64 
2456229.7183898 3532.26 1.69 0.166 31.33 6740.83 
2456229.8714013 3527.06 1.40 0.166 29.16 6736.86 
2456230.6857996 3530.13 1.47 0.167 27.20 6743.88 
2456230.8458134 3531.97 1.34 0.167 28.59 6736.59 
2456231.7334650 3531.02 1.55 0.171 29.46 6749.04 
2456231.8607353 3529.80 1.20 0.168 28.35 6741.43 
2456236.6604420 3524.84 1.51 0.173 29.56 6745.23 
2456236.8633497 3524.75 1.19 0.174 33.24 6733.75 
2456237.6662421 3525.98 1.33 0.177 28.27 6738.88 
2456237.8808398 3525.49 0.90 0.176 26.42 6741.69 
2456238.6619956 3532.88 1.31 0.175 29.30 6746.51 
2456238.6977368 3527.82 1.33 0.173 28.61 6742.04 
2456239.6522975 3532.63 1.42 0.175 24.85 6747.45 
2456245.7084222 3525.35 1.09 0.173 24.69 6743.09 
2456247.6418575 3528.74 1.02 0.168 28.32 6741.03 
2456256.6533194 3532.39 2.19 0.167 24.63 6747.43 
2456256.7645704 3525.52 1.24 0.175 25.11 6732.43 
2456257.6680498 3533.01 1.16 0.173 23.79 6744.10 
2456257.8001458 3530.94 1.23 0.178 32.49 6743.71 
2456258.7216343 3527.87 1.51 0.171 19.43 6747.10 
2456258.7556855 3529.95 1.47 0.173 29.98 6746.68 
2456259.7335053 3524.76 1.30 0.175 23.97 6746.34 
2456259.7520008 3525.54 1.26 0.175 23.55 6745.35 
2456262.6948682 3529.96 1.62 0.176 25.69 6742.39 
2456262.7981443 3523.17 1.32 0.178 27.46 6732.01 
2456263.6232652 3532.22 1.51 0.174 26.24 6741.81 
2456263.8103729 3529.64 1.14 0.174 24.40 6748.01 
2456307.5801789 3532.77 1.00 0.171 27.54 6743.34 
2456307.7092172 3533.96 1.33 0.180 24.02 6749.01 
2456308.5535163 3530.95 1.08 0.176 28.15 6736.73 
2456308.8012459 3533.41 1.41 0.170 24.73 6739.00 
2456309.5762513 3533.01 1.10 0.178 28.63 6744.66 
2456309.7930203 3531.16 1.28 0.172 31.86 6747.49 
2456310.5910230 3532.02 1.19 0.177 18.72 6741.44 
2456310.7069248 3536.34 1.26 0.177 19.30 6738.18 
2456311.5625541 3532.26 1.34 0.171 28.39 6747.14 
2456311.6578889 3530.72 1.20 0.176 28.15 6742.01 
2456312.5914918 3529.65 1.26 0.174 26.59 6741.52 
2456312.7438284 3534.54 2.32 0.169 17.33 6759.18 
2456314.5898762 3531.61 1.61 0.176 24.95 6757.65 
2456314.7537057 3530.93 1.62 0.173 28.79 6755.44 
2456315.6175515 3528.47 2.03 0.191 31.34 6756.00 
2456315.7297379 3528.90 1.58 0.184 23.65 6749.19 
2456316.6766846 3532.46 1.57 0.182 19.56 6745.99 
2456317.5901359 3526.93 1.14 0.173 23.48 6745.87 
2456317.6744291 3530.39 1.27 0.171 21.48 6743.95 
2456318.5677531 3529.95 1.37 0.173 28.49 6741.46 
2456318.6886662 3535.64 2.18 0.185 26.26 6752.97 
2456319.5818048 3526.20 1.52 0.178 26.31 6736.50 
2456319.7199515 3517.28 2.59 0.178 36.77 6759.41 
2456320.6218166 3526.41 1.13 0.174 32.82 6739.65 
2456320.7117346 3526.74 1.60 0.172 23.78 6736.66 
2456321.6454163 3527.10 1.74 0.174 26.13 6744.54 
2456321.7454383 3526.19 1.56 0.174 27.20 6744.40 
2456326.5925681 3526.19 1.65 0.172 32.18 6744.18 
2456326.6716412 3524.07 1.65 0.178 25.37 6736.35 
2456354.5410577 3527.23 1.13 0.165 32.33 6731.94 
2456354.6178620 3522.61 1.82 0.169 26.08 6735.38 
2456357.5276034 3529.82 1.59 0.166 29.62 6745.95 
2456357.6455296 3530.10 1.42 0.163 23.82 6742.41 
2456362.5180018 3528.99 1.14 0.175 27.93 6737.80 
2456362.6121205 3528.42 1.28 0.177 25.45 6744.41 
2456366.5017386 3526.21 0.98 0.175 24.63 6731.86 
2456366.6539234 3527.18 2.20 0.174 25.56 6758.16 
2456383.5228456 3527.32 1.81 0.173 27.84 6743.47 
2456384.5783826 3531.49 1.66 0.163 17.53 6734.83 
2456385.4956349 3526.67 1.34 0.165 25.32 6732.94 
2456385.5663744 3529.43 1.84 0.168 30.42 6741.01 
2456386.4894948 3529.38 1.39 0.168 24.65 6741.94 
2456386.5607204 3527.55 1.25 0.164 22.69 6737.07 
2456387.5267452 3527.35 1.27 0.180 26.54 6738.97 
2456387.5630872 3526.19 1.49 0.170 28.71 6742.92 
2456389.4913755 3530.50 1.22 0.170 28.87 6737.10 
2456389.5578790 3529.82 1.34 0.168 30.95 6741.93 
2456390.4892403 3528.62 1.35 0.170 27.67 6740.02 
2456390.5645400 3527.94 1.32 0.170 25.35 6743.67 
2456394.5131767 3520.93 1.34 0.166 29.75 6742.50 
2456397.5056966 3522.49 1.36 0.165 28.01 6737.56 
2456399.5231059 3524.07 1.05 0.172 30.15 6735.54 
2456402.5030123 3528.33 1.06 0.168 30.25 6739.08 
2456409.4955108 3530.07 7.47 0.205 39.30 6717.70 
2456414.4684733 3532.52 1.19 0.170 23.77 6743.40 
2456521.9016581 3525.91 1.32 0.168 26.89 6749.61 
2456524.9204178 3527.03 0.92 0.174 31.13 6744.43 
2456525.9077938 3533.12 2.05 0.165 22.16 6744.49 
2456526.9330524 3525.49 1.04 0.170 30.36 6745.33 
2456534.9211421 3525.52 0.85 0.169 26.82 6736.37 
2456538.8521797 3536.99 1.65 0.167 29.80 6750.23 
2456538.9215906 3530.71 1.35 0.171 25.16 6741.72 
2456539.9012946 3532.42 1.59 0.174 28.36 6747.01 
2456542.9158485 3529.81 1.42 0.170 33.66 6748.92 
2456543.9208079 3531.25 1.08 0.174 24.88 6748.21 
2456564.7508993 3531.65 1.78 0.166 26.35 6745.64 
2456564.9043048 3534.39 1.82 0.166 25.79 6751.38 
2456565.7808829 3532.73 0.93 0.171 30.83 6747.99 
2456565.8439396 3531.39 1.82 0.168 27.50 6746.86 
2456585.7655987 3524.51 1.20 0.171 27.67 6746.72 
2456585.8490838 3523.68 1.04 0.171 33.58 6746.03 
2456586.7691910 3530.26 1.61 0.169 25.38 6746.28 
2456586.8643661 3528.84 1.11 0.173 29.25 6738.47 
2456589.8651653 3531.07 0.92 0.175 33.10 6740.17 
2456590.7783506 3529.10 1.47 0.170 31.50 6751.98 
2456590.8722988 3533.43 1.38 0.168 25.97 6756.39 
2456591.7566178 3532.10 1.58 0.175 23.82 6751.30 
2456591.8177645 3531.08 1.27 0.174 26.57 6754.02 
2456592.7146993 3534.20 1.23 0.174 26.47 6751.38 
2456592.8521782 3533.31 1.03 0.178 24.86 6743.74 
2456593.8707581 3532.37 1.36 0.174 32.43 6749.38 
2456594.7546831 3531.44 1.46 0.169 32.42 6753.41 
2456594.8060264 3527.69 1.57 0.174 34.27 6748.10 
2456596.6972805 3527.60 1.32 0.173 24.39 6762.69 
2456596.8585212 3526.84 1.75 0.170 27.56 6747.78 
2456599.7447303 3526.40 1.04 0.171 30.20 6743.89 
2456599.8591416 3524.32 1.34 0.171 23.41 6745.79 
2456600.8594907 3525.48 1.03 0.170 25.14 6741.79 
2456601.7290393 3528.45 0.92 0.173 28.60 6746.62 
2456601.8378834 3525.90 0.79 0.169 27.63 6739.36 
2456602.7714141 3525.90 1.04 0.168 32.24 6742.33 
2456604.8350746 3525.25 0.96 0.169 31.53 6739.14 
2456608.8439887 3523.29 1.30 0.172 27.65 6743.17 
2456610.6894263 3522.93 1.07 0.169 27.50 6739.51 
2456610.8735256 3521.37 1.10 0.171 30.97 6737.86 
2456612.7502127 3527.77 1.10 0.174 33.52 6740.98 
2456612.8583272 3526.78 1.12 0.172 29.80 6738.38 
2456613.6797479 3529.07 1.22 0.169 28.03 6735.98 
2456613.8119367 3526.60 1.27 0.171 24.17 6743.79 
2456614.6882999 3531.03 0.93 0.170 27.78 6748.94 
2456614.8534636 3530.97 0.88 0.170 26.26 6742.29 
2456616.7207968 3536.57 1.04 0.175 31.38 6749.62 
2456616.8313997 3534.77 1.01 0.174 28.86 6745.30 
2456617.6567663 3535.31 1.15 0.176 29.28 6748.42 
2456617.7938856 3535.82 1.13 0.175 27.73 6750.32 
2456618.6626320 3540.55 1.05 0.178 29.50 6751.19 
2456618.7062435 3538.81 0.94 0.173 28.45 6754.25 
2456619.7046552 3532.96 1.00 0.174 27.55 6745.56 
2456619.7752114 3530.89 1.03 0.177 29.71 6753.46 
2456620.6982402 3528.84 1.51 0.169 27.96 6751.00 
2456620.7760071 3531.28 1.37 0.174 33.57 6756.66 
2456622.6838006 3526.40 1.42 0.169 19.42 6756.13 
2456623.7458227 3525.46 0.98 0.174 24.04 6742.54 
2456623.8656385 3525.04 1.03 0.170 23.45 6748.55 
2456624.6414198 3524.73 1.27 0.171 29.66 6741.04 
2456624.7668605 3522.75 1.17 0.169 34.98 6733.78 
2456626.6156583 3525.44 1.25 0.175 29.43 6741.58 
2456626.8487502 3523.88 1.10 0.170 28.93 6739.69 
2456627.6233271 3524.30 1.10 0.168 30.72 6742.43 
2456627.8381896 3524.37 0.89 0.169 24.09 6740.67 
2456628.6101737 3524.76 2.28 0.166 27.97 6745.50 
2456628.8421543 3526.22 1.49 0.174 25.51 6739.56 
2456629.6267424 3526.08 1.74 0.165 34.21 6744.21 
2456629.8238847 3526.80 1.21 0.171 32.54 6740.69 
2456630.6085999 3527.11 1.47 0.168 36.99 6746.40 
2456631.6333972 3527.87 1.02 0.167 31.01 6747.34 
2456631.8450650 3523.59 1.08 0.168 29.85 6739.82 
2456632.6133791 3526.43 0.98 0.172 26.77 6744.59 
#456632.8576512 3523.42 1.14 0.168 23.92 6744.24 