53152.71289 -0.00126050904505 0.0022
53158.66346 -0.00369641964099 0.0026
53511.77334 0.000798674590206 0.0024
53520.74475 0.00147464573826 0.0028
53573.51204 -0.00193884228753 0.0026
53574.52233 0.000905027067819 0.0022
53575.48075 0.00332448330237 0.002
53576.53605 0.00160440716846 0.002
53577.5926 0.000145122274793 0.0024
53578.51071 0.000245420803671 0.0018
53578.6296 6.87118834897e-05 0.0022
53579.46256 -0.00115341969959 0.0018
53579.62105 -0.000697159186686 0.0022
53585.46177 -0.000664648669835 0.0022
53586.46516 -0.00177132768147 0.0016
53587.4647 -0.00174233121751 0.0032
53588.53806 0.00188740141153 0.0052
53589.46202 0.000466642626288 0.0016
53590.4639 -0.000657262278278 0.0016
53591.46648 -0.00110204567705 0.0016
53592.46481 -0.00260073297414 0.0016
53606.55168 -0.000122541207931 0.0042
53607.50753 0.000990551622708 0.002
53608.48264 1.72129162301e-05 0.0024
53609.48845 0.00285623731369 0.0032
53757.87732 -0.000880708810392 0.002
53760.87548 7.01110443462e-05 0.0026
53761.85922 -0.00502642193389 0.0028
53811.84694 -0.000351851198012 0.0026
53813.82702 -0.00153275429299 0.0018
53830.83696 0.00265061981437 0.0018
53862.70144 -0.00035129351255 0.0018
53864.71366 0.000235733303567 0.0022
53867.75217 0.00141659874386 0.0022
53870.6966 0.00309871604513 0.0022
53882.65776 0.000161019457463 0.0018
53887.69074 -0.00172936581563 0.0016
53918.62175 0.00080979568836 0.0022
53920.59495 -0.00277485867974 0.002
53945.54312 -0.000843203929136 0.002
53951.48593 0.00039350911835 0.0016
53975.4716 0.00137098331211 0.002
53979.54398 0.00168887215395 0.0026
54166.87418 0.000393103609252 0.0022
54170.85396 -0.00152280510835 0.0018
54194.87235 0.000743825279185 0.0022
54196.75038 0.00200222974678 0.0024
54197.84504 0.00183539266631 0.0024
54198.85551 -0.000776349987937 0.0026
54199.73287 0.00178597325118 0.002
54200.91092 0.000966798944308 0.0022
54201.86855 0.000378400994641 0.002
54202.8826 -0.00125490600976 0.002
54228.74156 -0.000250175382307 0.0022
54229.70048 0.00225348415343 0.003
54230.76214 0.00266874524212 0.002
54234.64592 0.00213653238742 0.0024
54253.63317 0.00172957978578 0.002
54254.66481 0.0014671463006 0.002
54291.56885 0.00119345540246 0.0028
54292.59081 -1.04355736568e-05 0.0018
54293.62587 0.000383579900021 0.002
54295.63945 0.000197473028482 0.0022
54296.60611 -0.00146429823807 0.0026
54297.64194 -0.002775240811 0.002
54298.5676 0.000602624012702 0.0022
54299.6222 0.0019074524987 0.0032
54300.61911 -0.00204386779312 0.002
54315.50749 0.00107887753643 0.0034
54317.48085 0.00237104516246 0.002
54319.49053 0.00204577510773 0.0028
54320.54407 0.00103207727945 0.002
54323.50705 0.00276324982237 0.0074
54340.55578 -0.000663756131697 0.0018
54342.4862 0.00177884121562 0.0022
54349.51516 -0.00119670410982 0.002
54530.85566 -0.00116982319359 0.002
54550.83127 -0.00266359501492 0.0018
54553.80372 0.000905186224763 0.0016
54563.838 0.00139734639695 0.0018
54566.76115 0.000503327013012 0.0022
54567.79167 0.00189655019732 0.002
54569.7933 -0.000545516744841 0.002
54570.80425 -0.00115125146234 0.002
54571.81838 0.000404750107691 0.0022
54587.86197 -0.00118861232351 0.0032
54588.8388 -0.0021834536154 0.0022
54589.82749 -0.0022347405254 0.0022
54590.81963 -0.000457572667793 0.002
54591.81712 -0.00360154531042 0.0032
54592.82734 -0.00103506761537 0.0018
54610.74293 0.00404714314594 0.0022
54611.71348 0.00186500443924 0.0018
54616.71303 0.000626224451988 0.0028
54639.68651 0.00242266290578 0.0022
54640.65441 -6.04040415393e-05 0.0028
54641.63171 0.000380065428073 0.002
54643.645 -0.000940802445182 0.0026
54644.58703 -0.000510815993978 0.0026
54646.62536 -2.47470465453e-05 0.0024
54647.57912 -0.00137861838412 0.0022
54648.48482 -0.000663488545587 0.0022
54661.55371 0.00102203614808 0.0024
54662.54941 0.00119045549441 0.0028
54663.54487 0.000576768380284 0.0024
54664.55304 -0.0017331861929 0.0026
54665.56938 0.0017558850466 0.002
54672.53172 0.00632143749895 0.0038
54674.52412 -0.00255463841494 0.0028
54677.50511 -0.00034478672236 0.0022
54678.55679 0.00478470493981 0.0024
54679.50403 0.00346846723451 0.0034
54681.51414 -0.000504266561848 0.003
54682.50334 0.00438142799356 0.0028
54701.48507 0.000849403435678 0.0026
54703.51304 0.000615061111841 0.0026
54708.47905 -0.00111669549303 0.0024
54721.47303 -0.00183149431528 0.0026
54722.47237 -0.00119509413471 0.0024
54916.91735 -0.00193039999077 0.002
54919.77751 -0.0015988900468 0.0018
54935.69136 -0.00476072148207 0.0022
54938.77023 -0.00401975940657 0.0022
54941.70399 -0.00336623357133 0.002
54946.74298 -0.000583420485397 0.0022
54955.79358 -0.00190960127395 0.002
54989.67874 0.00445500835453 0.002
54993.61155 0.00142086840825 0.002
54998.65589 0.000861854014721 0.0026
55049.51551 -6.72130684034e-05 0.0026
55056.52501 0.00151374428473 0.0058
55227.84095 0.00204710551418 0.0022
55229.88062 0.00019083685145 0.0028
55230.85894 0.00321849579259 0.0036
55232.88302 0.00263933805488 0.0036
55272.83531 0.00211710392437 0.0022
55275.80926 0.000780613242283 0.0026
55277.83041 0.00122791250331 0.0024
55282.86587 -0.00480760643824 0.0024
55292.84315 -0.00334382982657 0.0022
55294.77402 -0.00436974113882 0.002
55295.68472 -0.00568138242982 0.0026
55297.76797 -0.0026639438934 0.002
55298.73452 -0.00307404495926 0.002
55299.68212 -0.000532274741131 0.0034
55300.72869 0.000943405792 0.0026
55301.84323 -0.00286905564301 0.0024
55305.8085 0.00157853425638 0.002
55306.76724 0.00201173623136 0.002
55307.76067 0.00205554075274 0.0016
55308.75781 0.00275759071715 0.0018
55309.76544 0.0016771085323 0.0018
55321.70852 0.00248027559308 0.002
55325.66237 0.000440713956847 0.0026
55326.61457 0.00016580378766 0.0026
55328.63743 -0.000682314652481 0.0032
55334.66359 0.000639945994052 0.0026
55336.78989 0.000164711311307 0.002
55337.65473 -0.000775904771556 0.0028
55349.63634 0.00545750192599 0.006
55353.57756 -6.48754610015e-05 0.0026
55354.60681 -0.000615982931588 0.0026
55355.53696 0.000827033496424 0.0026
55359.56247 0.00250836477964 0.0024
55370.57818 0.00482407055481 0.004
55372.55366 0.00112012803448 0.003
55373.60234 0.00292480558632 0.0024
55374.61617 -0.000580826354547 0.003
55375.55663 0.00141973620516 0.0028
55389.64756 0.00131319513481 0.003
55390.54432 0.0045076011768 0.0094
55391.5467 0.000133430717129 0.0028
55396.49708 -5.71443703734e-06 0.0042
55399.54017 0.00153720791601 0.0026
55401.5223 0.00231593957102 0.0034
55407.49699 0.00231692270935 0.002
55408.50168 0.00580681893401 0.0038
55410.55603 0.00222085165442 0.0024
55411.51484 0.00114217304255 0.003
55423.51171 0.000774005213309 0.0022
55427.49846 0.000589221980915 0.0022
55428.48093 -6.92043208179e-05 0.0026
55434.51127 -0.00101374551108 0.0024
55435.48705 -0.00195746240481 0.002
55436.4834 -2.64218853161e-05 0.0018
55437.51432 0.000671798258734 0.0018
55439.48708 0.000702245948775 0.002
55443.49986 -0.00200157591602 0.0042
55444.4895 -0.00215632728547 0.0022
55445.49328 -0.00318751538617 0.0024
55450.48002 -0.00173710089611 0.0028
55453.4866 -0.00154363955444 0.0024
55454.4768 -0.0021376037371 0.0028
55455.48896 0.00135067465875 0.0026
55457.47397 -0.00173842901559 0.002
55458.48996 -0.000423906294184 0.0026
55464.48161 0.00131595583855 0.0034
55626.90847 0.00234777170473 0.0034
55627.86994 -0.000107413381935 0.0024
55629.8825 -0.00145878295845 0.002
55630.88945 0.00184184970288 0.0024
55633.83855 -0.00223792242526 0.0018
55634.8378 0.000772309670095 0.0022
55635.80037 0.00321324519605 0.0028
55638.8758 0.00303737188034 0.0022
55639.82564 -0.00160607938803 0.002
55641.85816 0.00173519078169 0.002
55642.78865 -0.000391019320499 0.0024
55644.87268 0.00139506404663 0.0022
55646.85119 -0.000420625694192 0.0024
55647.8606 -0.00125201705293 0.002
55648.8976 -0.000647233925688 0.0022
55652.83978 -0.00163139124028 0.0022
55653.72224 -0.000579369017164 0.0022
55654.68243 -0.00259519016312 0.0022
55656.75878 -0.00244912227283 0.002
55657.7663 -0.00162196742861 0.0022
55658.82034 -0.000726207473226 0.003
55662.76574 0.00326844096985 0.0028
55663.75875 0.00259186572763 0.006
55672.71848 -0.00105844459547 0.0024
55674.73187 -0.00258548838832 0.002
55675.77838 -0.000204476570065 0.0026
55676.75948 0.00201574658949 0.0028
55677.69188 0.00320728049785 0.003
55678.76651 0.00215440389528 0.003
55679.71364 -0.00106548008864 0.0018
55680.62402 0.000430426506631 0.0026
55681.67631 -0.000595606444332 0.002
55682.67267 0.000160608094873 0.002
55683.62142 -0.000461949434104 0.002
55684.67393 -0.000457887362384 0.0022
55685.64645 -0.00126060317279 0.0018
55686.65353 0.000568832853617 0.0028
55689.71145 0.000978080991832 0.0026
55690.73996 -0.00211875227541 0.0032
55691.6925 0.00182445317562 0.0028
55692.71193 0.000648614444831 0.0024
55693.75657 -0.00126557882295 0.002
55695.62767 0.000307875794245 0.0018
