53152.71289 -9.2163 0.0011 48.8
53158.66346 -9.2251 0.0013 41.0
53511.77334 -9.2133 0.0012 42.8
53520.74475 -9.1957 0.0014 38.3
53573.51204 -9.2054 0.0013 39.2
53574.52233 -9.1970 0.0011 46.0
53575.48075 -9.2017 0.0010 55.3
53576.53605 -9.2132 0.0010 53.0
53577.59260 -9.2169 0.0012 43.0
53578.51071 -9.2057 0.0009 62.5
53578.62960 -9.2038 0.0011 45.0
53579.46256 -9.1928 0.0009 57.8
53579.62105 -9.1913 0.0011 49.2
53585.46177 -9.1983 0.0011 43.9
53586.46516 -9.2091 0.0008 66.2
53587.46470 -9.2233 0.0016 30.6
53588.53806 -9.2142 0.0026 19.4
53589.46202 -9.2000 0.0008 66.7
53590.46390 -9.1933 0.0008 59.7
53591.46648 -9.1983 0.0008 64.0
53592.46481 -9.2113 0.0008 61.5
53606.55168 -9.1912 0.0021 24.2
53607.50753 -9.1945 0.0010 52.8
53608.48264 -9.2098 0.0012 42.7
53609.48845 -9.2174 0.0016 32.1
53757.87732 -9.2003 0.0010 52.3
53760.87548 -9.2075 0.0013 38.9
53761.85922 -9.1986 0.0014 37.0
53811.84694 -9.1996 0.0013 40.3
53813.82702 -9.2160 0.0009 60.7
53830.83696 -9.2078 0.0009 56.9
53862.70144 -9.2066 0.0009 57.6
53864.71366 -9.1922 0.0011 49.1
53867.75217 -9.2153 0.0011 48.2
53870.69660 -9.1997 0.0011 48.4
53882.65776 -9.2174 0.0009 57.9
53887.69074 -9.2117 0.0008 66.0
53918.62175 -9.1983 0.0011 45.9
53920.59495 -9.2245 0.0010 50.7
53945.54312 -9.1968 0.0010 51.4
53951.48593 -9.1995 0.0008 66.4
53975.47160 -9.2134 0.0010 54.9
53979.54398 -9.2134 0.0013 41.4
54166.87418 -9.2189 0.0011 46.3
54170.85396 -9.1981 0.0009 62.1
54194.87235 -9.2185 0.0011 48.4
54196.75038 -9.1897 0.0012 43.1
54197.84504 -9.1908 0.0012 41.9
54198.85551 -9.2082 0.0013 40.6
54199.73287 -9.2114 0.0010 54.7
54200.91092 -9.2061 0.0011 49.5
54201.86855 -9.1967 0.0010 52.6
54202.88260 -9.1935 0.0010 53.2
54228.74156 -9.1975 0.0011 47.9
54229.70048 -9.1957 0.0015 33.2
54230.76214 -9.2078 0.0010 51.8
54234.64592 -9.1914 0.0012 45.1
54253.63317 -9.2154 0.0010 50.9
54254.66481 -9.2104 0.0010 54.5
54291.56885 -9.2129 0.0014 36.7
54292.59081 -9.2058 0.0009 62.0
54293.62587 -9.1962 0.0010 56.6
54295.63945 -9.2164 0.0011 46.3
54296.60611 -9.2257 0.0013 40.6
54297.64194 -9.2143 0.0010 53.7
54298.56760 -9.1983 0.0011 47.8
54299.62220 -9.1951 0.0016 31.5
54300.61911 -9.2070 0.0010 52.4
54315.50749 -9.1920 0.0017 30.5
54317.48085 -9.2130 0.0010 56.2
54319.49053 -9.2031 0.0014 37.8
54320.54407 -9.1951 0.0010 56.9
54323.50705 -9.2171 0.0037 14.1
54340.55578 -9.2077 0.0009 60.5
54342.48620 -9.1870 0.0011 51.1
54349.51516 -9.2179 0.0010 52.7
54530.85566 -9.1978 0.0010 56.0
54550.83127 -9.1996 0.0009 61.7
54553.80372 -9.2189 0.0008 72.4
54563.83800 -9.2100 0.0009 64.1
54566.76115 -9.2051 0.0011 48.9
54567.79167 -9.1967 0.0010 57.4
54569.79330 -9.2204 0.0010 53.0
54570.80425 -9.2204 0.0010 55.7
54571.81838 -9.2019 0.0011 49.1
54587.86197 -9.2025 0.0016 32.6
54588.83880 -9.1963 0.0011 48.8
54589.82749 -9.2000 0.0011 49.8
54590.81963 -9.2110 0.0010 51.4
54591.81712 -9.2256 0.0016 31.6
54592.82734 -9.2158 0.0009 60.4
54610.74293 -9.1865 0.0011 46.4
54611.71348 -9.1970 0.0009 60.7
54616.71303 -9.1973 0.0014 37.5
54639.68651 -9.2156 0.0011 48.0
54640.65441 -9.2162 0.0014 38.9
54641.63171 -9.2044 0.0010 53.1
54643.64500 -9.2037 0.0013 39.6
54644.58703 -9.2159 0.0013 41.0
54646.62536 -9.2131 0.0012 43.0
54647.57912 -9.1982 0.0011 48.2
54648.48482 -9.1960 0.0011 47.7
54661.55371 -9.2177 0.0012 44.2
54662.54941 -9.2071 0.0014 37.3
54663.54487 -9.1919 0.0012 44.7
54664.55304 -9.1928 0.0013 41.4
54665.56938 -9.1994 0.0010 54.6
54672.53172 -9.2106 0.0019 26.8
54674.52412 -9.1967 0.0014 38.6
54677.50511 -9.2156 0.0011 49.4
54678.55679 -9.2032 0.0012 45.0
54679.50403 -9.1928 0.0017 31.3
54681.51414 -9.2029 0.0015 33.6
54682.50334 -9.2119 0.0014 36.9
54701.48507 -9.1919 0.0013 42.0
54703.51304 -9.2078 0.0013 41.7
54708.47905 -9.2114 0.0012 43.6
54721.47303 -9.2205 0.0013 40.5
54722.47237 -9.2034 0.0012 46.0
54916.91735 -9.2015 0.0010 57.0
54919.77751 -9.2200 0.0009 59.6
54935.69136 -9.2198 0.0011 48.2
54938.77023 -9.2012 0.0011 46.7
54941.70399 -9.2185 0.0010 54.4
54946.74298 -9.2110 0.0011 47.2
54955.79358 -9.2128 0.0010 52.1
54989.67874 -9.2116 0.0010 55.3
54993.61155 -9.2125 0.0010 53.1
54998.65589 -9.2053 0.0013 39.5
55049.51551 -9.2063 0.0013 42.8
55056.52501 -9.1936 0.0029 18.4
55227.84095 -9.1947 0.0011 46.4
55229.88062 -9.2118 0.0014 36.2
55230.85894 -9.2142 0.0018 28.7
55232.88302 -9.1898 0.0018 28.6
55272.83531 -9.2089 0.0011 46.8
55275.80926 -9.1968 0.0013 39.6
55277.83041 -9.2078 0.0012 45.4
55282.86587 -9.2046 0.0012 44.8
55292.84315 -9.1986 0.0011 50.8
55294.77402 -9.2233 0.0010 51.7
55295.68472 -9.2195 0.0013 40.8
55297.76797 -9.1960 0.0010 54.7
55298.73452 -9.2020 0.0010 52.1
55299.68212 -9.2132 0.0017 30.1
55300.72869 -9.2212 0.0013 40.5
55301.84323 -9.2123 0.0012 43.4
55305.80850 -9.2187 0.0010 54.2
55306.76724 -9.2129 0.0010 51.2
55307.76067 -9.1974 0.0008 65.9
55308.75781 -9.1883 0.0009 57.8
55309.76544 -9.2016 0.0009 60.0
55321.70852 -9.2117 0.0010 51.6
55325.66237 -9.2006 0.0013 39.8
55326.61457 -9.2156 0.0013 41.4
55328.63743 -9.2097 0.0016 33.4
55334.66359 -9.1920 0.0013 39.4
55336.78989 -9.2010 0.0010 56.4
55337.65473 -9.2133 0.0014 37.5
55349.63634 -9.2022 0.0030 17.7
55353.57756 -9.2173 0.0013 41.1
55354.60681 -9.2224 0.0013 41.7
55355.53696 -9.2072 0.0013 42.4
55359.56247 -9.2138 0.0012 44.2
55370.57818 -9.2175 0.0020 26.3
55372.55366 -9.1934 0.0015 34.3
55373.60234 -9.1943 0.0012 46.0
55374.61617 -9.2084 0.0015 35.2
55375.55663 -9.2155 0.0014 39.3
55389.64756 -9.1941 0.0015 33.9
55390.54432 -9.2014 0.0047 11.0
55391.54670 -9.2193 0.0014 39.1
55396.49708 -9.2145 0.0021 25.3
55399.54017 -9.1874 0.0013 42.2
55401.52230 -9.2063 0.0017 30.9
55407.49699 -9.2174 0.0010 54.2
55408.50168 -9.2111 0.0019 27.2
55410.55603 -9.1892 0.0012 43.5
55411.51484 -9.1973 0.0015 34.7
55423.51171 -9.2171 0.0011 48.7
55427.49846 -9.1975 0.0011 48.1
55428.48093 -9.2108 0.0013 40.5
55434.51127 -9.2217 0.0012 46.3
55435.48705 -9.2177 0.0010 56.7
55436.48340 -9.2024 0.0009 60.2
55437.51432 -9.1912 0.0009 59.7
55439.48708 -9.2156 0.0010 53.5
55443.49986 -9.2031 0.0021 24.8
55444.48950 -9.2166 0.0011 47.8
55445.49328 -9.2280 0.0012 44.9
55450.48002 -9.2164 0.0014 39.1
55453.48660 -9.1912 0.0012 46.7
55454.47680 -9.2019 0.0014 38.0
55455.48896 -9.2155 0.0013 40.2
55457.47397 -9.2104 0.0010 52.6
55458.48996 -9.1994 0.0013 40.9
55464.48161 -9.1896 0.0017 31.2
55626.90847 -9.2099 0.0017 31.2
55627.86994 -9.2227 0.0012 44.2
55629.88250 -9.1989 0.0010 54.3
55630.88945 -9.1915 0.0012 46.2
55633.83855 -9.2171 0.0009 58.9
55634.83780 -9.2046 0.0011 48.9
55635.80037 -9.1911 0.0014 39.5
55638.87580 -9.2200 0.0011 49.5
55639.82564 -9.2145 0.0010 56.6
55641.85816 -9.1963 0.0010 54.3
55642.78865 -9.2068 0.0012 43.5
55644.87268 -9.2115 0.0011 50.3
55646.85119 -9.1931 0.0012 43.2
55647.86060 -9.2042 0.0010 55.1
55648.89760 -9.2160 0.0011 50.0
55652.83978 -9.2023 0.0011 51.6
55653.72224 -9.2147 0.0011 50.5
55654.68243 -9.2219 0.0011 50.3
55656.75878 -9.1999 0.0010 57.5
55657.76630 -9.1918 0.0011 51.4
55658.82034 -9.2014 0.0015 34.5
55662.76574 -9.1915 0.0014 36.8
55663.75875 -9.1988 0.0030 17.3
55672.71848 -9.1978 0.0012 46.1
55674.73187 -9.2027 0.0010 52.8
55675.77838 -9.2182 0.0013 40.9
55676.75948 -9.2151 0.0014 39.0
55677.69188 -9.2023 0.0015 34.2
55678.76651 -9.1948 0.0015 35.5
55679.71364 -9.1996 0.0009 58.7
55680.62402 -9.2082 0.0013 41.9
55681.67631 -9.2190 0.0010 54.6
55682.67267 -9.2083 0.0010 52.5
55683.62142 -9.1926 0.0010 54.1
55684.67393 -9.1917 0.0011 50.7
55685.64645 -9.2045 0.0009 62.9
55686.65353 -9.2133 0.0014 36.9
55689.71145 -9.1935 0.0013 40.6
55690.73996 -9.2072 0.0016 33.8
55691.69250 -9.2180 0.0014 36.3
55692.71193 -9.2188 0.0012 46.3
55693.75657 -9.2083 0.0010 54.6
55695.62767 -9.1939 0.0009 58.7